-- Tiempos- en segundos- --
burbuja:
1e-06
4.4e-05
0.003819
0.368176
41.6851
956.791

insercion:
3e-06
5e-05
0.004453
0.159559
11.0419
274.591

seleccion:
4e-06
9.8-05
0.007954
0.233637
17.3267
431.26

counting:
1.9e-05
2.7e-05
9.6e-05
0.000709
0.004495
0.010546

cocktail:
3e-06
0.000112
0.008167
0.325564
33.4465
825.419

bucket:
2.2e-05
3.2e-05
7.3e-05
0.000276
0.001435
0.002985

heapsort:
5e-06
4.1e-05
0.000603
0.007684
0.049988
0.129838

radix:
2e-06
9e-06
8.8e-05
0.001182
0.012623
0.032534

shell:
3e-06
3.6e-05
0.000538
0.007604
0.060001
0.168043

binary:
4e-06
3.3e-05
0.000315
0.003187
0.109194
6.2551

quicksort:
1e-06
1.4e-05
0.001137
0.115822
11.0542
275.246

mergesort:
3e-06
5.7e-05
0.005009
0.206257
11.1776
274.63

